{"0.001": [[1.0, 0.0, 0.0, 0.0, 0.0, 0.0, 0.0, 0.0, 0.0, 0.0], [0.0, 0.0, 0.0, 0.0, 1.0, 0.0, 0.0, 0.0, 0.0, 0.0], [0.0, 0.0, 0.0, 0.0, 0.0, 0.0, 0.0, 0.0, 0.0, 1.0], [0.0, 0.0, 0.0, 0.0, 1.0, 0.0, 0.0, 0.0, 0.0, 0.0], [0.0, 0.0, 0.0, 0.0, 0.0, 1.0, 0.0, 0.0, 0.0, 0.0], [0.0, 0.0, 0.0, 0.0, 0.0, 0.0, 0.0, 1.0, 0.0, 0.0], [0.0, 0.0, 0.0, 0.0, 0.0, 0.0, 0.0, 0.0, 1.0, 0.0], [0.0, 0.0, 0.0, 0.0, 0.0, 1.0, 0.0, 0.0, 0.0, 0.0], [0.0, 0.0, 0.0, 0.0, 0.0, 0.0, 0.0, 1.0, 0.0, 0.0], [0.0, 0.0, 1.0, 0.0, 0.0, 0.0, 0.0, 0.0, 0.0, 0.0]], "0.005": [[1.0, 0.0, 0.0, 0.0, 0.0, 0.0, 0.0, 0.0, 0.0, 0.0], [0.0, 0.0, 0.0, 0.0, 1.0, 0.0, 0.0, 0.0, 0.0, 0.0], [0.0, 0.0, 0.0, 0.0, 0.0, 0.0, 0.0, 0.0, 0.0, 1.0], [0.0, 0.0, 0.0, 0.0, 0.86, 0.0, 0.14, 0.0, 0.0, 0.0], [0.0, 0.0, 0.0, 0.0, 0.0, 1.0, 0.0, 0.0, 0.0, 0.0], [0.001, 0.0, 0.0, 0.0, 0.0, 0.0, 0.0, 0.999, 0.0, 0.0], [0.001, 0.0, 0.0, 0.0, 0.0, 0.0, 0.0, 0.0, 0.999, 0.0], [0.0, 0.0, 0.0, 0.0, 0.0, 1.0, 0.0, 0.0, 0.0, 0.0], [0.0, 0.0, 0.0, 0.0, 0.004, 0.0, 0.081, 0.915, 0.0, 0.0], [0.0, 0.0, 1.0, 0.0, 0.0, 0.0, 0.0, 0.0, 0.0, 0.0]], "0.01": [[0.99, 0.0, 0.0, 0.0, 0.0, 0.0, 0.01, 0.0, 0.0, 0.0], [0.0, 0.0, 0.0, 0.0, 1.0, 0.0, 0.0, 0.0, 0.0, 0.0], [0.0, 0.0, 0.0, 0.0, 0.0, 0.0, 0.0, 0.0, 0.0, 1.0], [0.0, 0.0, 0.0, 0.0, 0.712, 0.0, 0.288, 0.0, 0.0, 0.0], [0.0, 0.0, 0.002, 0.0, 0.0, 0.993, 0.0, 0.0, 0.0, 0.005], [0.033, 0.0, 0.0, 0.0, 0.0, 0.0, 0.0, 0.967, 0.0, 0.0], [0.029, 0.0, 0.0, 0.0, 0.0, 0.0, 0.0, 0.0, 0.971, 0.0], [0.0, 0.0, 0.0, 0.0, 0.0, 1.0, 0.0, 0.0, 0.0, 0.0], [0.0, 0.0, 0.0, 0.0, 0.049, 0.0, 0.218, 0.732, 0.0, 0.0], [0.0, 0.0, 1.0, 0.0, 0.0, 0.0, 0.0, 0.0, 0.0, 0.0]], "0.05": [[0.0, 0.0, 0.026, 0.0, 0.0, 0.964, 0.001, 0.0, 0.01, 0.0], [0.007, 0.0, 0.0, 0.889, 0.036, 0.0, 0.0, 0.068, 0.0, 0.0], [0.019, 0.0, 0.0, 0.029, 0.0, 0.0, 0.0, 0.0, 0.952, 0.0], [0.0, 0.0, 0.0, 0.51, 0.0, 0.425, 0.0, 0.064, 0.0, 0.0], [0.0, 0.054, 0.0, 0.0, 0.193, 0.0, 0.005, 0.0, 0.067, 0.682], [0.0, 0.0, 0.001, 0.0, 0.0, 0.0, 0.845, 0.0, 0.0, 0.154], [0.004, 0.0, 0.0, 0.0, 0.0, 0.0, 0.012, 0.983, 0.0, 0.001], [0.0, 0.0, 0.0, 0.0, 0.941, 0.008, 0.048, 0.0, 0.0, 0.003], [0.0, 0.0, 0.0, 0.243, 0.0, 0.327, 0.417, 0.0, 0.0, 0.012], [0.0, 0.578, 0.023, 0.0, 0.0, 0.001, 0.0, 0.024, 0.0, 0.374]], "0.1": [[0.596, 0.0, 0.005, 0.05, 0.0, 0.0, 0.31, 0.008, 0.0, 0.031], [0.0, 0.0, 0.003, 0.76, 0.099, 0.0, 0.0, 0.137, 0.001, 0.0], [0.006, 0.0, 0.143, 0.0, 0.0, 0.0, 0.0, 0.85, 0.0, 0.001], [0.001, 0.3, 0.0, 0.274, 0.0, 0.106, 0.0, 0.0, 0.008, 0.31], [0.007, 0.0, 0.249, 0.003, 0.0, 0.146, 0.566, 0.0, 0.0, 0.029], [0.0, 0.0, 0.0, 0.8, 0.004, 0.0, 0.18, 0.016, 0.0, 0.0], [0.0, 0.0, 0.001, 0.081, 0.89, 0.0, 0.023, 0.0, 0.005, 0.0], [0.0, 0.729, 0.065, 0.161, 0.002, 0.0, 0.04, 0.0, 0.0, 0.003], [0.084, 0.002, 0.098, 0.11, 0.0, 0.0, 0.019, 0.001, 0.589, 0.097], [0.0, 0.0, 0.034, 0.0, 0.18, 0.0, 0.743, 0.0, 0.0, 0.042]], "0.5": [[0.017, 0.09, 0.178, 0.002, 0.017, 0.435, 0.103, 0.006, 0.151, 0.001], [0.161, 0.046, 0.074, 0.223, 0.007, 0.013, 0.262, 0.052, 0.004, 0.157], [0.027, 0.219, 0.036, 0.0, 0.0, 0.0, 0.563, 0.033, 0.061, 0.062], [0.222, 0.0, 0.213, 0.007, 0.145, 0.001, 0.033, 0.07, 0.226, 0.082], [0.013, 0.238, 0.048, 0.016, 0.176, 0.403, 0.005, 0.007, 0.093, 0.001], [0.007, 0.053, 0.118, 0.002, 0.546, 0.174, 0.046, 0.027, 0.003, 0.025], [0.035, 0.11, 0.394, 0.015, 0.0, 0.049, 0.006, 0.01, 0.289, 0.092], [0.205, 0.063, 0.024, 0.126, 0.003, 0.021, 0.064, 0.207, 0.067, 0.22], [0.159, 0.021, 0.017, 0.084, 0.042, 0.422, 0.15, 0.019, 0.001, 0.085], [0.002, 0.173, 0.008, 0.387, 0.02, 0.01, 0.102, 0.197, 0.097, 0.004]], "1": [[0.33, 0.011, 0.034, 0.043, 0.101, 0.225, 0.156, 0.079, 0.01, 0.01], [0.026, 0.041, 0.2, 0.278, 0.084, 0.089, 0.015, 0.038, 0.107, 0.124], [0.005, 0.265, 0.116, 0.003, 0.051, 0.072, 0.071, 0.107, 0.276, 0.034], [0.193, 0.08, 0.023, 0.037, 0.031, 0.069, 0.211, 0.144, 0.076, 0.137], [0.011, 0.467, 0.101, 0.003, 0.059, 0.006, 0.027, 0.058, 0.106, 0.163], [0.047, 0.052, 0.0, 0.241, 0.003, 0.278, 0.002, 0.022, 0.27, 0.084], [0.049, 0.052, 0.073, 0.229, 0.074, 0.039, 0.1, 0.0, 0.202, 0.181], [0.002, 0.093, 0.258, 0.15, 0.029, 0.103, 0.205, 0.086, 0.011, 0.063], [0.053, 0.115, 0.089, 0.061, 0.185, 0.108, 0.099, 0.061, 0.036, 0.192], [0.215, 0.102, 0.08, 0.1, 0.131, 0.0, 0.038, 0.125, 0.18, 0.029]], "1.5": [[0.019, 0.013, 0.052, 0.165, 0.023, 0.146, 0.128, 0.104, 0.091, 0.26], [0.048, 0.097, 0.129, 0.056, 0.041, 0.152, 0.184, 0.045, 0.116, 0.131], [0.078, 0.073, 0.126, 0.159, 0.062, 0.097, 0.101, 0.099, 0.157, 0.046], [0.149, 0.158, 0.017, 0.067, 0.101, 0.087, 0.028, 0.188, 0.092, 0.114], [0.031, 0.077, 0.142, 0.148, 0.023, 0.053, 0.039, 0.259, 0.185, 0.043], [0.251, 0.027, 0.011, 0.026, 0.015, 0.141, 0.189, 0.026, 0.009, 0.305], [0.155, 0.33, 0.104, 0.017, 0.106, 0.096, 0.04, 0.031, 0.09, 0.034], [0.124, 0.022, 0.088, 0.052, 0.211, 0.097, 0.052, 0.127, 0.131, 0.096], [0.133, 0.119, 0.07, 0.1, 0.235, 0.087, 0.036, 0.165, 0.04, 0.015], [0.065, 0.131, 0.078, 0.021, 0.222, 0.167, 0.084, 0.134, 0.086, 0.011]], "5": [[0.055, 0.047, 0.088, 0.167, 0.06, 0.04, 0.155, 0.144, 0.127, 0.118], [0.234, 0.063, 0.087, 0.101, 0.067, 0.059, 0.11, 0.122, 0.061, 0.095], [0.09, 0.087, 0.084, 0.112, 0.128, 0.077, 0.097, 0.1, 0.098, 0.127], [0.059, 0.137, 0.142, 0.045, 0.087, 0.11, 0.101, 0.057, 0.158, 0.104], [0.146, 0.056, 0.085, 0.116, 0.118, 0.05, 0.071, 0.062, 0.163, 0.134], [0.081, 0.217, 0.07, 0.05, 0.069, 0.055, 0.156, 0.184, 0.069, 0.048], [0.152, 0.122, 0.194, 0.097, 0.041, 0.098, 0.093, 0.06, 0.053, 0.09], [0.088, 0.141, 0.063, 0.051, 0.041, 0.118, 0.092, 0.19, 0.124, 0.091], [0.112, 0.114, 0.096, 0.109, 0.102, 0.078, 0.094, 0.149, 0.087, 0.058], [0.116, 0.058, 0.039, 0.088, 0.128, 0.096, 0.052, 0.175, 0.148, 0.1]], "10": [[0.068, 0.061, 0.093, 0.147, 0.072, 0.054, 0.139, 0.132, 0.121, 0.115], [0.189, 0.074, 0.092, 0.102, 0.077, 0.07, 0.108, 0.116, 0.073, 0.098], [0.093, 0.091, 0.088, 0.109, 0.12, 0.084, 0.098, 0.1, 0.099, 0.119], [0.07, 0.127, 0.131, 0.058, 0.092, 0.108, 0.101, 0.068, 0.141, 0.104], [0.133, 0.068, 0.09, 0.112, 0.114, 0.063, 0.079, 0.073, 0.144, 0.124], [0.089, 0.178, 0.08, 0.065, 0.08, 0.069, 0.14, 0.158, 0.08, 0.063], [0.138, 0.117, 0.166, 0.099, 0.055, 0.1, 0.096, 0.071, 0.065, 0.094], [0.093, 0.129, 0.075, 0.065, 0.057, 0.114, 0.095, 0.16, 0.118, 0.095], [0.109, 0.11, 0.098, 0.106, 0.102, 0.085, 0.096, 0.134, 0.091, 0.069], [0.112, 0.069, 0.053, 0.093, 0.121, 0.099, 0.065, 0.152, 0.134, 0.101]], "100": [[0.09, 0.087, 0.098, 0.115, 0.091, 0.084, 0.113, 0.11, 0.107, 0.105], [0.125, 0.092, 0.098, 0.101, 0.093, 0.091, 0.103, 0.106, 0.091, 0.1], [0.098, 0.097, 0.096, 0.103, 0.106, 0.095, 0.1, 0.1, 0.1, 0.106], [0.09, 0.109, 0.11, 0.085, 0.098, 0.103, 0.101, 0.089, 0.113, 0.102], [0.11, 0.089, 0.097, 0.104, 0.105, 0.087, 0.094, 0.091, 0.113, 0.108], [0.097, 0.122, 0.095, 0.089, 0.094, 0.091, 0.112, 0.117, 0.094, 0.088], [0.112, 0.106, 0.12, 0.101, 0.084, 0.101, 0.099, 0.09, 0.088, 0.099], [0.098, 0.109, 0.092, 0.089, 0.086, 0.105, 0.099, 0.117, 0.106, 0.099], [0.103, 0.103, 0.1, 0.102, 0.101, 0.095, 0.099, 0.11, 0.097, 0.09], [0.105, 0.09, 0.083, 0.098, 0.107, 0.1, 0.088, 0.116, 0.111, 0.101]]}